image_path,class,predicted_class,Mild_Demented,Moderate_Demented,Non_Demented,Very_Mild_Demented
Benchmark\Non_Demented\non_871.jpg,Non_Demented,Non_Demented,0.03156667747594016,0.007692374253651584,0.848972999265679,0.1117679490047294
Benchmark\Non_Demented\non_3104.jpg,Non_Demented,Non_Demented,0.03352616157838997,0.013734971629546708,0.7757947187617917,0.17694414803027167
Benchmark\Very_Mild_Demented\augmented_80_verymild_136.jpg,Very_Mild_Demented,Moderate_Demented,0.2353265826783061,0.411673485856873,0.007729054398241528,0.34527087706657916
Benchmark\Very_Mild_Demented\augmented_123_verymild_2182.jpg,Very_Mild_Demented,Moderate_Demented,0.25551738214520237,0.43554161216846554,0.009088200841526152,0.29985280484480603
Benchmark\Moderate_Demented\augmented_182_moderate_53.jpg,Moderate_Demented,Moderate_Demented,0.2297121662496405,0.5788789521162411,0.009660254727710035,0.18174862690640833
Benchmark\Mild_Demented\augmented_150_mild_261.jpg,Mild_Demented,Mild_Demented,0.679270988788068,0.18639677673734986,0.007063240623134957,0.12726899385144708
Benchmark\Non_Demented\non_3193.jpg,Non_Demented,Non_Demented,0.08509237245222018,0.018959936002583014,0.690604259274606,0.2053434322705907
Benchmark\Very_Mild_Demented\verymild_1812.jpg,Very_Mild_Demented,Very_Mild_Demented,0.35392933725134396,0.03495960284550827,0.09216727874770368,0.518943781155444
Benchmark\Mild_Demented\augmented_25_mild_523.jpg,Mild_Demented,Very_Mild_Demented,0.3581295513501546,0.20734182171654433,0.01183287192047838,0.42269575501282264
Benchmark\Moderate_Demented\augmented_11_moderate_38.jpg,Moderate_Demented,Moderate_Demented,0.11945051413001499,0.7187238806581618,0.00519928750520289,0.1566263177066203
Benchmark\Non_Demented\non_1703.jpg,Non_Demented,Non_Demented,0.005935065788643589,0.002025803047724425,0.9724799595627525,0.019559171600879402
Benchmark\Non_Demented\non_1611.jpg,Non_Demented,Non_Demented,0.04492749283851528,0.010655374716734528,0.8099658134825933,0.13445131896215692
Benchmark\Mild_Demented\augmented_100_mild_408.jpg,Mild_Demented,Moderate_Demented,0.3933930221300543,0.5135104595389641,0.005490499709222417,0.08760601862175921
Benchmark\Very_Mild_Demented\verymild_1418.jpg,Very_Mild_Demented,Very_Mild_Demented,0.19191428754293868,0.026450256953263234,0.26820608998952294,0.5134293655142752
Benchmark\Moderate_Demented\augmented_238_moderate_23.jpg,Moderate_Demented,Moderate_Demented,0.08767592625773443,0.8643535560667251,0.0018845105923399783,0.04608600708320036
Benchmark\Moderate_Demented\augmented_179_moderate_38.jpg,Moderate_Demented,Moderate_Demented,0.059591444784606026,0.8354777869779585,0.03552223804952814,0.06940853018790727
Benchmark\Mild_Demented\mild_78.jpg,Mild_Demented,Mild_Demented,0.35440771655064096,0.03859745705569756,0.2541003121552316,0.3528945142384299
Benchmark\Very_Mild_Demented\augmented_166_verymild_1284.jpg,Very_Mild_Demented,Mild_Demented,0.5626874748754225,0.15464708082475082,0.008327184097093389,0.2743382602027333
Benchmark\Very_Mild_Demented\augmented_105_verymild_2100.jpg,Very_Mild_Demented,Moderate_Demented,0.2080328553770818,0.5455551610146085,0.010312039846584435,0.23609994376172527
Benchmark\Very_Mild_Demented\augmented_37_verymild_257.jpg,Very_Mild_Demented,Very_Mild_Demented,0.4020580030828371,0.04076081734156788,0.005937877502682761,0.5512433020729124
Benchmark\Mild_Demented\augmented_121_mild_591.jpg,Mild_Demented,Moderate_Demented,0.28995987777957355,0.39711785625070395,0.007744605759999473,0.305177660209723
Benchmark\Very_Mild_Demented\augmented_85_verymild_1348.jpg,Very_Mild_Demented,Mild_Demented,0.5937009828865251,0.17558876241410354,0.03253252906647381,0.19817772563289773
Benchmark\Moderate_Demented\augmented_50_moderate_22.jpg,Moderate_Demented,Moderate_Demented,0.3520402037396428,0.575302246791281,0.005384300728846488,0.06727324874022964
Benchmark\Non_Demented\non_2247.jpg,Non_Demented,Non_Demented,0.05404801169435225,0.01526364249098169,0.7154662639478896,0.21522208186677644
Benchmark\Moderate_Demented\augmented_85_moderate_12.jpg,Moderate_Demented,Moderate_Demented,0.12848514046009604,0.5974966832959909,0.011176148232388702,0.2628420280115244
Benchmark\Very_Mild_Demented\augmented_207_verymild_1653.jpg,Very_Mild_Demented,Mild_Demented,0.42677865097891116,0.21719168407799913,0.010513400523666597,0.3455162644194231
Benchmark\Non_Demented\non_569.jpg,Non_Demented,Non_Demented,0.1088351730604882,0.04676353475300237,0.44139525323802975,0.4030060389484796
Benchmark\Mild_Demented\augmented_216_mild_326.jpg,Mild_Demented,Mild_Demented,0.5254552784795679,0.301777526573425,0.0071183493228989154,0.16564884562410825
Benchmark\Moderate_Demented\augmented_223_moderate_42.jpg,Moderate_Demented,Mild_Demented,0.3945819912447003,0.3199517795357468,0.007746966591712178,0.2777192626278408
Benchmark\Moderate_Demented\augmented_162_moderate_25.jpg,Moderate_Demented,Moderate_Demented,0.3055092267972197,0.5947131055526602,0.00575415350814098,0.09402351414197914
Benchmark\Non_Demented\non_571.jpg,Non_Demented,Non_Demented,0.03167854701173525,0.014652255833963436,0.8321752353809405,0.12149396177336072
Benchmark\Non_Demented\non_1253.jpg,Non_Demented,Non_Demented,0.04367316441697389,0.012040008356041847,0.6895089005251951,0.254777926701789
Benchmark\Mild_Demented\mild_253.jpg,Mild_Demented,Mild_Demented,0.5702741493044392,0.0170683655138998,0.1110457676496288,0.3016117175320323
Benchmark\Moderate_Demented\augmented_35_moderate_14.jpg,Moderate_Demented,Moderate_Demented,0.20695745897735313,0.6545619733100586,0.004991594480957589,0.13348897323163067
Benchmark\Mild_Demented\mild_113.jpg,Mild_Demented,Very_Mild_Demented,0.12832937504156694,0.0482541467216477,0.30129522418251053,0.5221212540542749
Benchmark\Moderate_Demented\augmented_94_moderate_38.jpg,Moderate_Demented,Moderate_Demented,0.14309519252829567,0.6958642821756849,0.015507347360977749,0.14553317793504167
Benchmark\Mild_Demented\augmented_258_mild_529.jpg,Mild_Demented,Mild_Demented,0.41960714192475373,0.2520254511758265,0.009709753631669347,0.31865765326775036
Benchmark\Very_Mild_Demented\augmented_195_verymild_2183.jpg,Very_Mild_Demented,Very_Mild_Demented,0.37916540715901126,0.1824000874473888,0.010830776185966177,0.42760372920763373
Benchmark\Very_Mild_Demented\verymild_291.jpg,Very_Mild_Demented,Very_Mild_Demented,0.08534729611480167,0.025816949275954397,0.35708002789582505,0.5317557267134189
Benchmark\Non_Demented\non_986.jpg,Non_Demented,Non_Demented,0.1661990951811806,0.02094806745831344,0.41208022282811174,0.40077261453239427
Benchmark\Non_Demented\non_174.jpg,Non_Demented,Very_Mild_Demented,0.30615529638922745,0.028930385505940362,0.2709784898925283,0.3939358282123039
Benchmark\Moderate_Demented\augmented_190_moderate_30.jpg,Moderate_Demented,Moderate_Demented,0.1787503588247755,0.762178138407121,0.003265429528963847,0.055806073239139664
Benchmark\Non_Demented\non_437.jpg,Non_Demented,Non_Demented,0.1943406901202905,0.029750664804623954,0.49459134316361364,0.281317301911472
Benchmark\Mild_Demented\mild_56.jpg,Mild_Demented,Non_Demented,0.08767738062589912,0.0299365988269143,0.5590174377976971,0.32336858274948954
Benchmark\Mild_Demented\augmented_21_mild_530.jpg,Mild_Demented,Mild_Demented,0.6364268275461004,0.1841215047914779,0.006447730580034341,0.1730039370823872
Benchmark\Non_Demented\non_1310.jpg,Non_Demented,Non_Demented,0.046252571524557105,0.012574852970132274,0.5808201922156977,0.3603523832896128
Benchmark\Moderate_Demented\augmented_41_moderate_38.jpg,Moderate_Demented,Moderate_Demented,0.16934918698574244,0.7050059463862544,0.004292411524738139,0.121352455103265
Benchmark\Very_Mild_Demented\augmented_131_verymild_1707.jpg,Very_Mild_Demented,Moderate_Demented,0.29346047646095585,0.3990784278714481,0.009053882860808323,0.2984072128067878
Benchmark\Mild_Demented\augmented_238_mild_737.jpg,Mild_Demented,Moderate_Demented,0.29411973265379476,0.5092512322043816,0.006699188311082736,0.18992984683074088
Benchmark\Non_Demented\non_482.jpg,Non_Demented,Very_Mild_Demented,0.17122431102431307,0.023627840280372812,0.3766240680729343,0.4285237806223797
Benchmark\Non_Demented\non_618.jpg,Non_Demented,Non_Demented,0.017346317033384615,0.008702645120872739,0.9158799422458631,0.05807109559987961
Benchmark\Moderate_Demented\augmented_118_moderate_24.jpg,Moderate_Demented,Moderate_Demented,0.39510913244916657,0.5370011545262846,0.005299150102007216,0.0625905629225417
Benchmark\Mild_Demented\augmented_204_mild_165.jpg,Mild_Demented,Mild_Demented,0.6596001411904134,0.10070396191556205,0.007937100437207932,0.2317587964568167
Benchmark\Very_Mild_Demented\verymild_1974.jpg,Very_Mild_Demented,Very_Mild_Demented,0.13225556640293912,0.026245258495338788,0.24094176458381072,0.6005574105179113
Benchmark\Very_Mild_Demented\verymild_1573.jpg,Very_Mild_Demented,Very_Mild_Demented,0.09111204591213475,0.013380635485086216,0.15040204703249604,0.7451052715702832
Benchmark\Very_Mild_Demented\verymild_713.jpg,Very_Mild_Demented,Very_Mild_Demented,0.18830297545365635,0.03615602988986969,0.29996166352793385,0.47557933112854023
Benchmark\Very_Mild_Demented\verymild_1719.jpg,Very_Mild_Demented,Very_Mild_Demented,0.05289990917355984,0.020037828272489296,0.3337904140865438,0.593271848467407
Benchmark\Mild_Demented\mild_673.jpg,Mild_Demented,Mild_Demented,0.5214562600887802,0.030403837907918778,0.13294333167815822,0.3151965703251429
Benchmark\Mild_Demented\augmented_249_mild_589.jpg,Mild_Demented,Mild_Demented,0.4831967916495103,0.3158642837399507,0.006622570068360714,0.19431635454217833
Benchmark\Non_Demented\non_2949.jpg,Non_Demented,Non_Demented,0.24455850736758078,0.015468869739205056,0.5191354453869985,0.22083717750621557
Benchmark\Very_Mild_Demented\augmented_35_verymild_142.jpg,Very_Mild_Demented,Very_Mild_Demented,0.22897944409549462,0.2780583004741377,0.011770758175088658,0.48119149725527904
Benchmark\Very_Mild_Demented\augmented_68_verymild_1578.jpg,Very_Mild_Demented,Very_Mild_Demented,0.287350887417619,0.13310131103677977,0.007845025384224151,0.5717027761613771
Benchmark\Mild_Demented\augmented_66_mild_3.jpg,Mild_Demented,Mild_Demented,0.47988770527951613,0.21542320359760372,0.008007617566208358,0.29668147355667174
Benchmark\Moderate_Demented\augmented_238_moderate_58.jpg,Moderate_Demented,Moderate_Demented,0.14025201654185662,0.6434479301983235,0.0067795151815902704,0.20952053807822954
Benchmark\Moderate_Demented\augmented_176_moderate_53.jpg,Moderate_Demented,Moderate_Demented,0.3057915499236808,0.5672687124675162,0.008498905827046092,0.11844083178175693
Benchmark\Very_Mild_Demented\verymild_824.jpg,Very_Mild_Demented,Very_Mild_Demented,0.13767807469409596,0.019267873094350723,0.3233058338583267,0.5197482183532267
Benchmark\Mild_Demented\augmented_129_mild_154.jpg,Mild_Demented,Mild_Demented,0.4003159267599369,0.28752101919830064,0.010820295471776157,0.3013427585699863
Benchmark\Non_Demented\non_3053.jpg,Non_Demented,Non_Demented,0.03101756389038309,0.006957206482548385,0.8314920841454504,0.13053314548161804
Benchmark\Very_Mild_Demented\verymild_2024.jpg,Very_Mild_Demented,Very_Mild_Demented,0.21455292964128853,0.02917483540521998,0.3063442973926054,0.44992793756088606
Benchmark\Non_Demented\non_1299.jpg,Non_Demented,Non_Demented,0.021458182945799324,0.006158483874420687,0.8703336759371977,0.10204965724258215
Benchmark\Non_Demented\non_3118.jpg,Non_Demented,Non_Demented,0.07204250533011777,0.020521045261265403,0.7046259115452387,0.2028105378633781
Benchmark\Very_Mild_Demented\verymild_119.jpg,Very_Mild_Demented,Non_Demented,0.09249134520925306,0.03628286686993562,0.5362552443082697,0.33497054361254164
Benchmark\Mild_Demented\augmented_66_mild_757.jpg,Mild_Demented,Mild_Demented,0.36814712162535707,0.3523517170934077,0.007412528626110412,0.2720886326551249
Benchmark\Moderate_Demented\augmented_93_moderate_32.jpg,Moderate_Demented,Moderate_Demented,0.13173884132834698,0.7746371157497658,0.01760317645011516,0.07602086647177195
Benchmark\Very_Mild_Demented\augmented_146_verymild_1944.jpg,Very_Mild_Demented,Very_Mild_Demented,0.19179800093707358,0.18969204361970626,0.011362685051394728,0.6071472703918255
Benchmark\Mild_Demented\augmented_168_mild_312.jpg,Mild_Demented,Mild_Demented,0.49699459037011373,0.4119567533459474,0.00505564950856389,0.08599300677537502
Benchmark\Non_Demented\non_2577.jpg,Non_Demented,Non_Demented,0.050319820522606175,0.01702886350916128,0.6363635954423572,0.29628772052587526
Benchmark\Mild_Demented\augmented_50_mild_475.jpg,Mild_Demented,Mild_Demented,0.5618781005671645,0.13450595390564807,0.008022113655552316,0.2955938318716352
Benchmark\Very_Mild_Demented\verymild_494.jpg,Very_Mild_Demented,Non_Demented,0.10368062037349879,0.01710997070122833,0.5092938745861305,0.3699155343391423
Benchmark\Non_Demented\non_818.jpg,Non_Demented,Non_Demented,0.031157826604401213,0.006667041850558257,0.8223550037431281,0.13982012780191239
Benchmark\Moderate_Demented\augmented_31_moderate_42.jpg,Moderate_Demented,Moderate_Demented,0.1977913620166615,0.5842224903689878,0.005899192730509568,0.21208695488384124
Benchmark\Moderate_Demented\augmented_140_moderate_51.jpg,Moderate_Demented,Moderate_Demented,0.1579271955363694,0.6778007225872856,0.00470222574694206,0.15956985612940291
Benchmark\Very_Mild_Demented\augmented_63_verymild_273.jpg,Very_Mild_Demented,Moderate_Demented,0.25027306657966525,0.4675728432715133,0.005525776487232156,0.2766283136615894
Benchmark\Very_Mild_Demented\verymild_781.jpg,Very_Mild_Demented,Very_Mild_Demented,0.28106476944754216,0.018634936977493587,0.12275037489194028,0.5775499186830239
Benchmark\Very_Mild_Demented\augmented_140_verymild_1934.jpg,Very_Mild_Demented,Moderate_Demented,0.12643931891072702,0.6932089102095296,0.0046928848747888816,0.17565888600495444
Benchmark\Very_Mild_Demented\verymild_2052.jpg,Very_Mild_Demented,Very_Mild_Demented,0.06636889394708695,0.019104778307093218,0.3100600768067256,0.6044662509390943
Benchmark\Mild_Demented\augmented_55_mild_707.jpg,Mild_Demented,Mild_Demented,0.35850941991825674,0.34547596844810796,0.00978079092009887,0.2862338207135365
Benchmark\Moderate_Demented\augmented_78_moderate_35.jpg,Moderate_Demented,Moderate_Demented,0.23195470906566104,0.6692772260262005,0.005159617945198416,0.09360844696293986
Benchmark\Moderate_Demented\augmented_41_moderate_49.jpg,Moderate_Demented,Moderate_Demented,0.2476887379908542,0.5164120790798429,0.007427806241256686,0.22847137668804637
Benchmark\Moderate_Demented\augmented_140_moderate_34.jpg,Moderate_Demented,Moderate_Demented,0.18296493271783007,0.7024518404037123,0.0037973513575078823,0.11078587552094979
Benchmark\Very_Mild_Demented\verymild_667.jpg,Very_Mild_Demented,Very_Mild_Demented,0.0990486722247693,0.030107254619599445,0.28113104515134374,0.5897130280042875
Benchmark\Moderate_Demented\augmented_247_moderate_34.jpg,Moderate_Demented,Moderate_Demented,0.17393877662663687,0.5988698888205336,0.0055199530728586976,0.2216713814799708
Benchmark\Very_Mild_Demented\verymild_2210.jpg,Very_Mild_Demented,Very_Mild_Demented,0.12373460875133924,0.021973447440283234,0.3573070901592524,0.4969848536491251
Benchmark\Moderate_Demented\augmented_116_moderate_34.jpg,Moderate_Demented,Moderate_Demented,0.27990289071333996,0.5200480270450045,0.007127581391311311,0.19292150085034399
Benchmark\Mild_Demented\augmented_103_mild_389.jpg,Mild_Demented,Mild_Demented,0.5220754971006321,0.23283145041920342,0.017042647472411125,0.2280504050077534
Benchmark\Non_Demented\non_771.jpg,Non_Demented,Non_Demented,0.04940319799391715,0.010601464547727759,0.7310652561384022,0.20893008131995272
Benchmark\Mild_Demented\augmented_114_mild_403.jpg,Mild_Demented,Mild_Demented,0.4266786813983588,0.39255071094176,0.008358536083375237,0.17241207157650582
Benchmark\Moderate_Demented\augmented_167_moderate_40.jpg,Moderate_Demented,Moderate_Demented,0.19340000401284155,0.6171214554616057,0.005871922437067401,0.18360661808848527
Benchmark\Non_Demented\non_2557.jpg,Non_Demented,Non_Demented,0.07165392527475643,0.015300819504769553,0.7098096538215627,0.2032356013989113
Benchmark\Very_Mild_Demented\verymild_1171.jpg,Very_Mild_Demented,Very_Mild_Demented,0.15043140935009122,0.02384573698188322,0.18739553602995881,0.6383273176380667
Benchmark\Very_Mild_Demented\augmented_6_verymild_173.jpg,Very_Mild_Demented,Very_Mild_Demented,0.18697226248670454,0.30673436227470197,0.011864331426050503,0.4944290438125431
Benchmark\Non_Demented\non_772.jpg,Non_Demented,Very_Mild_Demented,0.12869980499933267,0.020584315218568794,0.4239452960249306,0.42677058375716775
Benchmark\Moderate_Demented\augmented_175_moderate_16.jpg,Moderate_Demented,Moderate_Demented,0.2622601095492786,0.5856863516479719,0.015933878915445763,0.13611965988730393
Benchmark\Very_Mild_Demented\verymild_948.jpg,Very_Mild_Demented,Very_Mild_Demented,0.10187114674272418,0.013679355281672674,0.3108163415946263,0.5736331563809769
Benchmark\Mild_Demented\augmented_93_mild_117.jpg,Mild_Demented,Mild_Demented,0.5123767908971374,0.0973447147965363,0.0208216955584549,0.36945679874787135
Benchmark\Non_Demented\non_1609.jpg,Non_Demented,Non_Demented,0.04032112829921915,0.010114175637924772,0.6941816333550621,0.25538306270779393
Benchmark\Moderate_Demented\augmented_216_moderate_55.jpg,Moderate_Demented,Moderate_Demented,0.16443888640588541,0.6808679885407888,0.00522396968171538,0.14946915537161048
Benchmark\Moderate_Demented\augmented_155_moderate_28.jpg,Moderate_Demented,Moderate_Demented,0.1801233673123565,0.7498896300951639,0.003931533250233328,0.06605546934224628
Benchmark\Non_Demented\non_20.jpg,Non_Demented,Non_Demented,0.07637686895610572,0.01907969764372707,0.5931384075593503,0.31140502584081675
Benchmark\Moderate_Demented\augmented_44_moderate_13.jpg,Moderate_Demented,Moderate_Demented,0.3354833842520833,0.6031119220197607,0.0044912338893036575,0.056913459838852425
Benchmark\Mild_Demented\augmented_2_mild_597.jpg,Mild_Demented,Mild_Demented,0.6538229767866474,0.12431957445176496,0.012512505912863672,0.20934494284872376
Benchmark\Mild_Demented\augmented_198_mild_723.jpg,Mild_Demented,Mild_Demented,0.7666894196550449,0.09324092877156437,0.007440247708701708,0.13262940386468905
Benchmark\Non_Demented\non_2995.jpg,Non_Demented,Very_Mild_Demented,0.1116890677553754,0.023957667702690574,0.41024217346074465,0.45411109108118947
Benchmark\Very_Mild_Demented\augmented_234_verymild_1450.jpg,Very_Mild_Demented,Mild_Demented,0.38393199270559086,0.32260987343770886,0.00859185544592429,0.284866278410776
Benchmark\Mild_Demented\mild_236.jpg,Mild_Demented,Mild_Demented,0.6078542998103809,0.013952091470931216,0.03986199422877182,0.33833161448991594
Benchmark\Mild_Demented\augmented_104_mild_765.jpg,Mild_Demented,Moderate_Demented,0.3843156252718823,0.4568689522039901,0.00798148682710985,0.15083393569701753
Benchmark\Moderate_Demented\augmented_227_moderate.jpg,Moderate_Demented,Moderate_Demented,0.16796013565455814,0.6421169144922753,0.0057292610948942915,0.18419368875827238
Benchmark\Moderate_Demented\augmented_115_moderate_45.jpg,Moderate_Demented,Moderate_Demented,0.29808074222725983,0.541654074144619,0.00655080196420799,0.15371438166391305
Benchmark\Mild_Demented\augmented_193_mild_11.jpg,Mild_Demented,Mild_Demented,0.4270868434233522,0.3059595753736705,0.008477713470420409,0.258475867732557
Benchmark\Moderate_Demented\augmented_16_moderate_18.jpg,Moderate_Demented,Moderate_Demented,0.2890232578030221,0.5717680927505382,0.006330766411185528,0.13287788303525402
Benchmark\Mild_Demented\augmented_46_mild_457.jpg,Mild_Demented,Mild_Demented,0.6629536560886881,0.20686719983257199,0.006661820850474928,0.12351732322826521
Benchmark\Very_Mild_Demented\verymild_2195.jpg,Very_Mild_Demented,Very_Mild_Demented,0.23594331409730576,0.014743879377252519,0.1138350376321513,0.6354777688932906
Benchmark\Non_Demented\non_1968.jpg,Non_Demented,Non_Demented,0.00632885937041959,0.0020376972154423256,0.9650407317021317,0.026592711712006518
Benchmark\Very_Mild_Demented\verymild_1716.jpg,Very_Mild_Demented,Very_Mild_Demented,0.1227644685833207,0.007149821565848459,0.00771208663121679,0.8623736232196141
Benchmark\Mild_Demented\augmented_179_mild_714.jpg,Mild_Demented,Very_Mild_Demented,0.2651118070972492,0.3254625604974078,0.07401761135999553,0.3354080210453475
Benchmark\Mild_Demented\augmented_25_mild_527.jpg,Mild_Demented,Mild_Demented,0.5545023666995345,0.12634658368231913,0.005634745858030019,0.3135163037601165
Benchmark\Mild_Demented\mild_312.jpg,Mild_Demented,Very_Mild_Demented,0.2607385692728662,0.02783177762541295,0.1556510301425348,0.555778622959186
Benchmark\Mild_Demented\augmented_197_mild.jpg,Mild_Demented,Very_Mild_Demented,0.30583965222344245,0.31808715787264463,0.007901651665473956,0.368171538238439
Benchmark\Non_Demented\non_700.jpg,Non_Demented,Non_Demented,0.04517549796164152,0.010047689151070552,0.6703580280671136,0.27441878482017434
Benchmark\Non_Demented\non_3186.jpg,Non_Demented,Non_Demented,0.036129437889303354,0.011727682728699442,0.7992296901522483,0.15291318922974892
Benchmark\Very_Mild_Demented\verymild_1661.jpg,Very_Mild_Demented,Very_Mild_Demented,0.12062236249568331,0.017071975163306153,0.1582921977365053,0.7040134646045052
Benchmark\Non_Demented\non_2029.jpg,Non_Demented,Non_Demented,0.004685937701548254,0.0015688870512961537,0.9705146870413452,0.023230488205810466
Benchmark\Non_Demented\non_2295.jpg,Non_Demented,Non_Demented,0.26005197857635987,0.015007618891689981,0.5396812290947219,0.18525917343722814
Benchmark\Non_Demented\non_2820.jpg,Non_Demented,Non_Demented,0.0277167979091509,0.00703385642585935,0.8380806340308001,0.1271687116341896
Benchmark\Non_Demented\non_1221.jpg,Non_Demented,Non_Demented,0.05936434906327519,0.017842863412325057,0.6584331619414595,0.2643596255829403
Benchmark\Very_Mild_Demented\verymild_1269.jpg,Very_Mild_Demented,Non_Demented,0.03778581787204146,0.00927463218062909,0.660443603627931,0.2924959463193984
Benchmark\Mild_Demented\augmented_170_mild_19.jpg,Mild_Demented,Mild_Demented,0.3875147006053812,0.2821367164863479,0.00781136692649325,0.32253721598177765
Benchmark\Non_Demented\non_2341.jpg,Non_Demented,Non_Demented,0.11440955428175928,0.015007442120167101,0.6030087863142651,0.2675742172838085
Benchmark\Mild_Demented\augmented_6_mild_450.jpg,Mild_Demented,Mild_Demented,0.4921396258880669,0.24109364116329884,0.01642204703307888,0.25034468591555514
Benchmark\Moderate_Demented\augmented_27_moderate_60.jpg,Moderate_Demented,Moderate_Demented,0.13450879446187303,0.6692918187885192,0.006242191765563751,0.18995719498404404
Benchmark\Moderate_Demented\augmented_61_moderate_20.jpg,Moderate_Demented,Moderate_Demented,0.18354309933236737,0.7405853923412404,0.005448369492036841,0.0704231388343553
Benchmark\Mild_Demented\augmented_33_mild_626.jpg,Mild_Demented,Very_Mild_Demented,0.30872724983344185,0.2292905906651268,0.008622301858805482,0.4533598576426259
Benchmark\Moderate_Demented\augmented_41_moderate_48.jpg,Moderate_Demented,Moderate_Demented,0.28102406447184947,0.42756881275181796,0.0068062520130772325,0.28460087076325524
Benchmark\Non_Demented\non_1300.jpg,Non_Demented,Very_Mild_Demented,0.17987223222366647,0.021285143600541134,0.3064201195549468,0.4924225046208454
Benchmark\Mild_Demented\augmented_249_mild_576.jpg,Mild_Demented,Mild_Demented,0.46350196803635635,0.4278019833732243,0.00630609070371536,0.102389957886704
Benchmark\Very_Mild_Demented\verymild_189.jpg,Very_Mild_Demented,Non_Demented,0.08161515346496093,0.029886607521699908,0.5572836082860962,0.3312146307272428
Benchmark\Moderate_Demented\augmented_211_moderate_50.jpg,Moderate_Demented,Moderate_Demented,0.10160820863640233,0.7627898787272561,0.0038280868968639816,0.13177382573947763
Benchmark\Mild_Demented\augmented_35_mild_547.jpg,Mild_Demented,Mild_Demented,0.5265901256599936,0.1964769008971083,0.008187604415837574,0.2687453690270605
Benchmark\Non_Demented\non_674.jpg,Non_Demented,Non_Demented,0.03438797522990679,0.007545396603298153,0.8381357693540595,0.11993085881273573
Benchmark\Non_Demented\non_1034.jpg,Non_Demented,Non_Demented,0.09531422779871022,0.015727985379141704,0.6208463309676774,0.2681114558544707
Benchmark\Very_Mild_Demented\verymild_1733.jpg,Very_Mild_Demented,Very_Mild_Demented,0.10015323292593972,0.017387579340204087,0.09325810510564744,0.7892010826282089
Benchmark\Mild_Demented\augmented_26_mild_798.jpg,Mild_Demented,Moderate_Demented,0.3205927415683041,0.44944930104977654,0.007190197349423912,0.2227677600324954
Benchmark\Very_Mild_Demented\augmented_166_verymild_1043.jpg,Very_Mild_Demented,Mild_Demented,0.6788059444059338,0.16218125562666016,0.006596352161428233,0.15241644780597766
Benchmark\Mild_Demented\augmented_104_mild_44.jpg,Mild_Demented,Mild_Demented,0.4491928619193699,0.24460017482159316,0.007824873935971099,0.29838208932306587
Benchmark\Moderate_Demented\augmented_165_moderate_11.jpg,Moderate_Demented,Moderate_Demented,0.2648724234175698,0.3941836140207309,0.0112833662737382,0.3296605962879613
Benchmark\Non_Demented\non_634.jpg,Non_Demented,Non_Demented,0.08013261529114835,0.028588848200584608,0.5379816106126228,0.3532969258956442
Benchmark\Non_Demented\non_1795.jpg,Non_Demented,Non_Demented,0.2786993160746779,0.017668849480780204,0.4486777425290672,0.25495409191547463
Benchmark\Moderate_Demented\augmented_154_moderate_57.jpg,Moderate_Demented,Moderate_Demented,0.16036480720016183,0.5103782766912546,0.007354093380869638,0.321902822727714
Benchmark\Mild_Demented\augmented_132_mild_266.jpg,Mild_Demented,Moderate_Demented,0.3958853025010984,0.5268947151126879,0.0037522371260966005,0.07346774526011707
Benchmark\Very_Mild_Demented\verymild_1992.jpg,Very_Mild_Demented,Non_Demented,0.09232406746398521,0.019302219364946936,0.5326046297599315,0.35576908341113617
Benchmark\Very_Mild_Demented\augmented_221_verymild_417.jpg,Very_Mild_Demented,Mild_Demented,0.4258542288786736,0.2346772209560198,0.011495629522238789,0.3279729206430678
Benchmark\Mild_Demented\mild_208.jpg,Mild_Demented,Very_Mild_Demented,0.3743368046674274,0.02103682347827793,0.07094402879531571,0.533682343058979
Benchmark\Non_Demented\non_2485.jpg,Non_Demented,Non_Demented,0.2059117048962245,0.022332619483248956,0.4265182628801137,0.3452374127404129
Benchmark\Mild_Demented\augmented_36_mild_684.jpg,Mild_Demented,Moderate_Demented,0.303246619528514,0.5636571514293908,0.005276319151729865,0.12781990989036543
Benchmark\Very_Mild_Demented\augmented_134_verymild_2230.jpg,Very_Mild_Demented,Very_Mild_Demented,0.27204095670999245,0.3115174117561463,0.006956821420211802,0.40948481011364957
Benchmark\Mild_Demented\augmented_237_mild_564.jpg,Mild_Demented,Moderate_Demented,0.25531315826509554,0.39337644013163026,0.008643426185542364,0.34266697541773194
Benchmark\Non_Demented\non_2704.jpg,Non_Demented,Non_Demented,0.027729951494990766,0.011144931909283349,0.8779839612225947,0.08314115537313135
Benchmark\Mild_Demented\augmented_207_mild_74.jpg,Mild_Demented,Mild_Demented,0.49793057691094217,0.22758467950542016,0.008758763158811987,0.26572598042482587
Benchmark\Very_Mild_Demented\verymild_1295.jpg,Very_Mild_Demented,Very_Mild_Demented,0.11268880053965977,0.025308652469649102,0.07618834757511984,0.7858141994155712
Benchmark\Moderate_Demented\augmented_96_moderate_13.jpg,Moderate_Demented,Mild_Demented,0.47433545254785237,0.43743326648659053,0.009113573489932286,0.07911770747562477
Benchmark\Mild_Demented\augmented_45_mild_431.jpg,Mild_Demented,Mild_Demented,0.5844052383318008,0.25646255771096443,0.006340785982283279,0.1527914179749515
Benchmark\Mild_Demented\mild_604.jpg,Mild_Demented,Mild_Demented,0.7286784798409494,0.01659389703080162,0.05745411782268268,0.19727350530556628
Benchmark\Moderate_Demented\augmented_258_moderate_2.jpg,Moderate_Demented,Moderate_Demented,0.08514332737239672,0.6294820337025048,0.006570091569786723,0.27880454735531196
Benchmark\Very_Mild_Demented\augmented_146_verymild_1661.jpg,Very_Mild_Demented,Very_Mild_Demented,0.35469352137842175,0.21429086068432585,0.008791804126964915,0.42222381381028745
Benchmark\Moderate_Demented\augmented_118_moderate_16.jpg,Moderate_Demented,Moderate_Demented,0.26781429417282576,0.5972689020146716,0.006776355858491717,0.1281404479540108
Benchmark\Very_Mild_Demented\verymild_1467.jpg,Very_Mild_Demented,Very_Mild_Demented,0.03976474180043096,0.00965166756442178,0.2284211425939934,0.7221624480411538
Benchmark\Very_Mild_Demented\verymild_218.jpg,Very_Mild_Demented,Very_Mild_Demented,0.0890673342334449,0.022183885216922782,0.3649053849937919,0.5238433955558406
Benchmark\Very_Mild_Demented\verymild_132.jpg,Very_Mild_Demented,Very_Mild_Demented,0.06132743323647208,0.022299904007063682,0.44933725134653374,0.4670354114099305
Benchmark\Moderate_Demented\augmented_45_moderate_53.jpg,Moderate_Demented,Moderate_Demented,0.17121243688408494,0.714161580272014,0.00382097697344405,0.11080500587045684
Benchmark\Non_Demented\non_2787.jpg,Non_Demented,Non_Demented,0.037630876648860834,0.012328685256439525,0.7905249190061805,0.15951551908851933
Benchmark\Moderate_Demented\augmented_257_moderate_17.jpg,Moderate_Demented,Mild_Demented,0.5266958574303674,0.38308482388703124,0.004845189887808475,0.08537412879479289
Benchmark\Non_Demented\non_3043.jpg,Non_Demented,Non_Demented,0.19613838064042724,0.078812626271625,0.4460212741164572,0.2790277189714906
Benchmark\Moderate_Demented\augmented_7_moderate_4.jpg,Moderate_Demented,Moderate_Demented,0.15518124867709335,0.4529293875268575,0.013567396909342342,0.37832196688670683
Benchmark\Non_Demented\non_2707.jpg,Non_Demented,Non_Demented,0.10709072676125964,0.021887605093408702,0.572987250272741,0.29803441787259066
Benchmark\Non_Demented\non_1309.jpg,Non_Demented,Non_Demented,0.11497857031159119,0.020454668943982773,0.5232603595035619,0.3413064012408641
Benchmark\Mild_Demented\mild_711.jpg,Mild_Demented,Very_Mild_Demented,0.29651821967936975,0.032486785503603524,0.24183647911941994,0.4291585156976067
Benchmark\Moderate_Demented\augmented_110_moderate_28.jpg,Moderate_Demented,Moderate_Demented,0.3026067791071884,0.6019131099415042,0.005741525118591112,0.08973858583271627
Benchmark\Mild_Demented\augmented_123_mild_789.jpg,Mild_Demented,Moderate_Demented,0.2598913809372175,0.4941424758176686,0.009679835222914815,0.23628630802219902
Benchmark\Very_Mild_Demented\verymild_320.jpg,Very_Mild_Demented,Non_Demented,0.12620956643511952,0.021826697535987094,0.4363173285494229,0.41564640747947046
Benchmark\Moderate_Demented\augmented_245_moderate_9.jpg,Moderate_Demented,Moderate_Demented,0.19727289436807366,0.5413478302194253,0.007625887672973331,0.2537533877395276
Benchmark\Non_Demented\non_2946.jpg,Non_Demented,Non_Demented,0.005294876722102097,0.003035501438625288,0.9573778360552324,0.034291785784040366
Benchmark\Moderate_Demented\augmented_4_moderate_27.jpg,Moderate_Demented,Moderate_Demented,0.2639363484414209,0.5449131978084806,0.015702343096318953,0.17544811065377958
Benchmark\Mild_Demented\augmented_86_mild_299.jpg,Mild_Demented,Mild_Demented,0.6877644987091251,0.15012701833061698,0.013734221251631363,0.14837426170862653
Benchmark\Mild_Demented\augmented_228_mild_286.jpg,Mild_Demented,Mild_Demented,0.753566352971674,0.11161615614989455,0.00526460493505207,0.12955288594337938
Benchmark\Non_Demented\non_194.jpg,Non_Demented,Non_Demented,0.08492078903189192,0.014677427950232065,0.6279036682467182,0.2724981147711579
Benchmark\Very_Mild_Demented\verymild_2150.jpg,Very_Mild_Demented,Very_Mild_Demented,0.36716992874050747,0.02058575735307734,0.13991187435134242,0.4723324395550727
Benchmark\Mild_Demented\mild_779.jpg,Mild_Demented,Mild_Demented,0.7007134234970995,0.012531957340095254,0.07853618853145582,0.2082184306313495
Benchmark\Moderate_Demented\augmented_3_moderate_41.jpg,Moderate_Demented,Very_Mild_Demented,0.26556472132174297,0.3485941769030353,0.02815980033419236,0.35768130144102944
Benchmark\Very_Mild_Demented\augmented_206_verymild_1217.jpg,Very_Mild_Demented,Mild_Demented,0.4358224129812921,0.2568932010809124,0.009461031034377877,0.2978233549034176
Benchmark\Very_Mild_Demented\augmented_15_verymild_1425.jpg,Very_Mild_Demented,Mild_Demented,0.7677739781936249,0.0842941984280932,0.0030490582617921876,0.14488276511648976
Benchmark\Very_Mild_Demented\verymild_1692.jpg,Very_Mild_Demented,Very_Mild_Demented,0.24950333676477607,0.0268273947352741,0.10132086046487433,0.6223484080350754
Benchmark\Mild_Demented\mild_422.jpg,Mild_Demented,Mild_Demented,0.5294094710698137,0.025068698256046892,0.10554502013840908,0.33997681053573037
Benchmark\Moderate_Demented\augmented_54_moderate_6.jpg,Moderate_Demented,Moderate_Demented,0.23461457734478433,0.47011268982468507,0.008330785625323496,0.28694194720520694
Benchmark\Very_Mild_Demented\verymild_1800.jpg,Very_Mild_Demented,Very_Mild_Demented,0.17509279625033486,0.038107374796886924,0.14738905253244775,0.6394107764203304
Benchmark\Very_Mild_Demented\augmented_105_verymild_1135.jpg,Very_Mild_Demented,Very_Mild_Demented,0.35342790180147643,0.22653357810141536,0.014389468116647014,0.4056490519804612
Benchmark\Mild_Demented\mild_102.jpg,Mild_Demented,Very_Mild_Demented,0.27857064666372094,0.033058161181893614,0.12157487326306911,0.5667963188913163
Benchmark\Very_Mild_Demented\verymild_129.jpg,Very_Mild_Demented,Very_Mild_Demented,0.17161512325961875,0.03924753127586692,0.13801926297918868,0.6511180824853255
Benchmark\Non_Demented\non_1466.jpg,Non_Demented,Non_Demented,0.023938562195559863,0.0057979353385522155,0.8884837445423087,0.08177975792357922
Benchmark\Very_Mild_Demented\verymild_1312.jpg,Very_Mild_Demented,Very_Mild_Demented,0.20698650230359317,0.04252481776890488,0.06319760724246286,0.6872910726850391
Benchmark\Non_Demented\non_1951.jpg,Non_Demented,Non_Demented,0.004078503976175361,0.0017509729739030712,0.9759951164820009,0.018175406567920573
Benchmark\Non_Demented\non_635.jpg,Non_Demented,Non_Demented,0.01826173211726432,0.009342328155419823,0.9059722664257923,0.06642367330152348
Benchmark\Non_Demented\non_2289.jpg,Non_Demented,Non_Demented,0.024837644500775868,0.009962713821172796,0.7720509093607203,0.19314873231733104
Benchmark\Non_Demented\non_470.jpg,Non_Demented,Non_Demented,0.18503322521686127,0.030738332745277035,0.452688611168366,0.33153983086949573
Benchmark\Mild_Demented\mild_742.jpg,Mild_Demented,Very_Mild_Demented,0.17245091079944755,0.034767648936310784,0.24105897728532247,0.5517224629789192
Benchmark\Very_Mild_Demented\verymild_217.jpg,Very_Mild_Demented,Very_Mild_Demented,0.0769429800611987,0.03779398608543546,0.21710819646386037,0.6681548373895055
Benchmark\Mild_Demented\augmented_106_mild_40.jpg,Mild_Demented,Moderate_Demented,0.34367248439173176,0.43409293023783896,0.0067149440618326575,0.21551964130859663
Benchmark\Moderate_Demented\augmented_74_moderate_31.jpg,Moderate_Demented,Moderate_Demented,0.16481772509024895,0.7794598694843631,0.0026201013833289594,0.05310230404205891
Benchmark\Mild_Demented\augmented_120_mild_328.jpg,Mild_Demented,Mild_Demented,0.44996742628163156,0.3735103476548395,0.007198710288499017,0.16932351577503008
Benchmark\Non_Demented\non_1215.jpg,Non_Demented,Non_Demented,0.012453110078130464,0.003082660610517766,0.9344821299072278,0.04998209940412385
Benchmark\Moderate_Demented\augmented_45_moderate_60.jpg,Moderate_Demented,Moderate_Demented,0.21364283595400782,0.48277461227590707,0.007317519962605125,0.29626503180748
Benchmark\Non_Demented\non_250.jpg,Non_Demented,Very_Mild_Demented,0.1648071051000056,0.07804611563174986,0.21133309219107574,0.5458136870771688
Benchmark\Mild_Demented\augmented_238_mild_7.jpg,Mild_Demented,Very_Mild_Demented,0.35204744517631364,0.11220480879516333,0.008910626262175125,0.526837119766348
Benchmark\Very_Mild_Demented\verymild_1239.jpg,Very_Mild_Demented,Very_Mild_Demented,0.13432529956091227,0.023853115955142216,0.0880643743747978,0.7537572101091478
Benchmark\Very_Mild_Demented\verymild_2015.jpg,Very_Mild_Demented,Non_Demented,0.09384832666486087,0.026011558521739725,0.5333187654893002,0.3468213493240992
Benchmark\Very_Mild_Demented\augmented_180_verymild_285.jpg,Very_Mild_Demented,Very_Mild_Demented,0.12679175587302516,0.3554470315259754,0.045267683170233095,0.47249352943076645
Benchmark\Moderate_Demented\augmented_162_moderate_52.jpg,Moderate_Demented,Moderate_Demented,0.14463597100285677,0.5714492620933583,0.008105725150030057,0.2758090417537549
Benchmark\Moderate_Demented\augmented_184_moderate_42.jpg,Moderate_Demented,Moderate_Demented,0.11220320566455913,0.7954941763449805,0.017015411115409503,0.0752872068750507
Benchmark\Non_Demented\non_1985.jpg,Non_Demented,Mild_Demented,0.41585362706416096,0.02233080501970999,0.2544217380408586,0.3073938298752704
Benchmark\Very_Mild_Demented\augmented_183_verymild_2210.jpg,Very_Mild_Demented,Moderate_Demented,0.19010353529923785,0.494469108206466,0.014701498420185989,0.3007258580741102
Benchmark\Moderate_Demented\augmented_72_moderate_16.jpg,Moderate_Demented,Moderate_Demented,0.29384023027433065,0.5945686839042594,0.0055453851279710425,0.10604570069343895
Benchmark\Mild_Demented\augmented_101_mild_704.jpg,Mild_Demented,Moderate_Demented,0.25803398299570546,0.3898569739070304,0.010915001515741806,0.34119404158152233
Benchmark\Mild_Demented\augmented_80_mild_251.jpg,Mild_Demented,Mild_Demented,0.7317452812464348,0.17224138667471053,0.004355655165021335,0.09165767691383335
Benchmark\Very_Mild_Demented\verymild_1219.jpg,Very_Mild_Demented,Very_Mild_Demented,0.06377931718739088,0.021746440769355533,0.21644984677276452,0.6980243952704891
Benchmark\Non_Demented\non_2303.jpg,Non_Demented,Non_Demented,0.01350662716634682,0.004760424615180114,0.9217814288846218,0.05995151933385136
Benchmark\Very_Mild_Demented\augmented_132_verymild_1638.jpg,Very_Mild_Demented,Very_Mild_Demented,0.2870448300955217,0.27586736883038243,0.007672905575255742,0.4294148954988402
Benchmark\Mild_Demented\augmented_89_mild_434.jpg,Mild_Demented,Mild_Demented,0.7052370580553186,0.05826554258944046,0.062100578832855656,0.17439682052238525
Benchmark\Very_Mild_Demented\verymild_1977.jpg,Very_Mild_Demented,Very_Mild_Demented,0.020200902761777707,0.012486386789533828,0.46246602096269757,0.504846689485991
Benchmark\Non_Demented\non_2294.jpg,Non_Demented,Non_Demented,0.050799098788707586,0.014184477374603249,0.5267841545576976,0.4082322692789916
Benchmark\Non_Demented\non_2354.jpg,Non_Demented,Non_Demented,0.06988175015431733,0.012228464960739253,0.6102866770812235,0.3076031078037199
Benchmark\Moderate_Demented\augmented_22_moderate_54.jpg,Moderate_Demented,Moderate_Demented,0.24245700285678734,0.539309296382699,0.008607998259154122,0.20962570250135967
Benchmark\Mild_Demented\augmented_12_mild_108.jpg,Mild_Demented,Mild_Demented,0.4717077354629455,0.19922315363535176,0.009201906802183057,0.3198672040995197
Benchmark\Moderate_Demented\augmented_126_moderate_37.jpg,Moderate_Demented,Moderate_Demented,0.34036669942402814,0.5317131813882152,0.004953342112954372,0.12296677707480222
Benchmark\Very_Mild_Demented\augmented_32_verymild_129.jpg,Very_Mild_Demented,Very_Mild_Demented,0.34548577631392646,0.23346186072819478,0.010087418420039946,0.4109649445378388
Benchmark\Very_Mild_Demented\verymild_2180.jpg,Very_Mild_Demented,Very_Mild_Demented,0.4050405706411117,0.027095309485984834,0.13827161064025587,0.4295925092326475
Benchmark\Mild_Demented\mild_254.jpg,Mild_Demented,Very_Mild_Demented,0.2794870396345841,0.04073769675399115,0.15295485635860762,0.5268204072528171
Benchmark\Non_Demented\non_461.jpg,Non_Demented,Non_Demented,0.031394947419169025,0.007620189628689914,0.892812118391158,0.0681727445609831
Benchmark\Very_Mild_Demented\augmented_112_verymild_1362.jpg,Very_Mild_Demented,Very_Mild_Demented,0.3868572526461955,0.1628836035658253,0.010163288779978887,0.4400958550080002
Benchmark\Very_Mild_Demented\augmented_77_verymild_226.jpg,Very_Mild_Demented,Moderate_Demented,0.31586418412926526,0.4501424688152335,0.007510487523855454,0.2264828595316458
Benchmark\Very_Mild_Demented\verymild_1507.jpg,Very_Mild_Demented,Very_Mild_Demented,0.0873192124432692,0.01618804363391967,0.07020961276742575,0.8262831311553854
Benchmark\Non_Demented\non_3072.jpg,Non_Demented,Non_Demented,0.06336988160888768,0.023817413495504376,0.7509872738532345,0.16182543104237346
